15441299
2520329
12192370
15232014
4213985
16413608
8098367
5749810
16603278
8568720
15749882
9928836
14897997
3605700
2965290
660892
6985687
7521418
8658701
497564
16012296
9021164
5195707
5857362
1955626
3922512
12586036
3197614
11474500
15594872
2592964
10868745
13413221
9626426
1081450
1561855
13923981
4858368
9326411
8884741
3108457
8090835
13547380
1912169
3804447
12190221
14758501
2760187
8355965
1234514
9817386
12473663
5619025
5014103
15204809
1667822
6791735
2019661
13738787
16547646
10634996
7781703
12876625
10169228
14594465
13254924
7361473
11845343
12169718
12942296
13616441
1932060
13978788
4976235
6858788
5057985
3972161
16327058
3163709
711046
9863768
2070457
15120879
15721106
5509388
2158023
13443176
12331652
9229411
4654453
494957
7221804
4759709
7935412
6612680
11606404
13979883
1031786
15139838
7766338
15003328
7963848
3371454
5867854
3966281
15683326
6621788
12118618
11918812
14092703
16576817
4672495
10383640
11413813
6642090
12921204
15653886
6447098
1083217
5954817
8616116
1565757
6325699
1743891
11904689
5235023
15258171
13536723
8560069
10818575
8742610
2208261
13638156
13872931
8967717
12286081
9108477
15143660
8466345
2025649
3821249
844754
3388758
11707529
8630172
11724865
14595536
3037238
16607900
11452416
15830702
10554599
10740435
1309132
9868235
9959202
12588599
10806354
1554160
16297281
16434864
7169395
6283669
11142940
13142616
3764384
5131399
8610101
177049
8242107
1721034
2660922
235204
10181451
2416913
14169686
11900173
10921036
10747257
3591776
6677477
7240932
1023835
12506841
13441967
9525093
4567070
5257574
5701671
3909069
7073819
583819
10680390
4163765
14749889
6884956
3574109
2333961
4533007
9871635
2529733
8507783
1893042
15581615
15397402
9052376
16604628
8414738
13668349
4372898
10486751
11886471
8979010
3664729
9280798
15537449
13093907
1810387
12719685
3958041
3097033
2774741
3846299
10192241
9338712
10138760
14802285
14203720
5045225
7112421
7353648
5503351
7950488
15569511
15068030
10776155
15956147
4912414
11111643
12160575
14944129
12653144
9022680
13364241
6777436
9759077
16588518
2242910
6989125
16038361
2311349
2485994
4479758
2080683
7702197
14523835
13576455
2397215
262348
8047326
11937719
3139109
14899938
12575740
3077678
16345057
9137528
16420196
13976472
7026887
10826212
15587635
14481997
3607866
9717586
12144645
15179771
10864655
4355332
6216650
16598947
6236312
14592712
13711947
10855149
1782507
12217811
8623180
2089185
6799644
14022055
4062560
11048789
12813518
15713760
10755337
6220364
1641040
16699917
12325148
2912326
16712364
5991408
7672096
9460690
6703798
3069390
8824788
14522596
1735431
1473899
3473676
6858554
15665665
11338942
11021245
1628607
2459322
1273402
9502764
6720766
7578484
5593047
665123
15408117
6140329
2438370
353370
4362739
6486611
11742922
1617478
11207176
4897797
7191549
2844195
14954327
11821001
4539615
453416
3468722
724567
11486695
14357923
9432682
11582267
16082355
4837660
203162
8786925
15256270
7015824
11282461
11974500
1356231
14029146
5565776
12613866
11117785
8680338
15079683
16062518
1230429
2633578
15507800
1852050
8329662
9710162
10641687
10383081
9736099
11001265
13674673
3432971
16284767
8101749
8838778
5907221
8318880
10231788
3351728
16169785
12893381
10769646
14817724
11680087
13219816
14565345
3073920
10265314
8144942
3091136
15348179
11886948
6993802
2645529
4798773
7770311
15734368
16745409
6184284
4040435
8442434
10835435
11121344
666592
14724363
1221984
15904312
4039277
11811159
13814176
15733160
5501020
3128685
1648640
1297464
15874006
10285620
6256905
1500892
16349347
16043002
2028273
11915985
16765900
12835371
14910015
4027012
15526905
1903933
3282069
550300
5875732
15878757
16505328
8707622
2440941
4607667
8506561
3958423
6531744
2450041
14820847
14767610
4311884
5922270
12670167
7176423
14355313
11785127
7484008
12992979
5131957
3664707
9524919
11858457
13662033
1690155
14317421
15601002
4102281
8610460
760078
10068884
9162426
12993976
12948034
15568753
9771346
16227564
4730116
15711556
5372401
10212730
15545112
4009550
6233953
16755901
14573283
12149300
12268716
9977786
8244639
5660875
10671547
15224891
14536890
1523477
13143348
7938180
9656356
3610790
10884113
8179823
12811153
7076453
15230075
3866211
6066838
14550099
9156578
6045779
5298478
16346443
16481788
7387032
2731056
13526227
6789251
16460278
13970945
10998717
11575274
14319074
11971626
6452217
6762787
13812599
13488190
8772117
11396484
10082872
11124514
12322545
8181136
14008587
2252468
10524080
12236548
15426948
14252193
9451645
14725072
1688775
7806823
527788
6937628
7538391
11482480
5666210
14016082
1394807
6173574
8519788
14176093
8821512
3807530
11618110
5166032
13674801
14414774
7145969
13589123
5041485
1285806
11117143
8426389
15841253
3251534
3946159
13047043
14539697
7168228
551034
16551513
7200167
2588301
12084730
8232920
681472
13672066
10817810
8961367
9010668
7406925
12428949
5073645
14039306
3475763
12727304
14230213
10210430
14383433
3207070
14381595
6032331
1027556
6872469
6885483
14469201
770175
5390167
10727703
448364
16527736
13251214
9928309
9795599
10637751
1458421
7737170
15963802
5388998
2096154
14177836
13951102
8285886
15933969
7124518
12307505
11317271
13381927
16047574
15628429
8447332
15742929
10495296
5674169
5794816
15958899
3238984
14359097
1764286
14646126
9792181
14580134
11025115
5068173
14038139
13212434
7418312
11975979
9545137
3907815
2117543
16666283
12210859
2642570
6682593
11580507
15952933
10897075
5631152
11665580
3755597
8839140
5168962
5098132
3722597
12497685
178605
4047904
10485109
15826143
6831844
12560298
8355099
9441336
9842359
8850876
5119957
6100470
7212278
4135822
6697868
12626402
16554209
15994892
5382422
1653858
11788899
11405996
6455683
1716778
16288431
6585285
4078493
7655834
7095161
10647784
2701282
2730707
9242699
1810577
9547386
15075218
7155256
4110028
6100025
1082974
10251447
4525994
5497512
6945906
16708699
8719377
6268248
489272
10740432
9384245
8795466
1561605
11050152
15139350
2575424
8992532
16603752
3538075
10200584
5291156
14445703
5351518
15130466
12080088
11804482
5321690
7725646
3786864
15061115
13685950
13092763
14074677
3974473
10428686
3870592
10744040
15966077
1144905
15757266
9347397
13941434
16311596
1527777
1045214
8170195
1354143
2265521
201292
8003226
10479145
16402254
12517568
10400094
8387761
5458769
9618167
6977355
2415242
9559680
9863457
3351285
7612332
1178457
10417718
7393907
3035042
14822653
12205219
8365531
4770820
15770222
7500561
15086874
9066339
10799977
13072766
7341524
16482912
15661676
1505416
6180929
16468509
12966234
14061139
2890222
14745449
9475397
11542763
9251771
145419
8305507
4551054
11420546
1920802
6039297
10473906
14059160
6342142
2883454
13940238
14708346
15317989
10526655
9992266
4311538
10469392
4517768
8208728
1962098
3800480
8383537
9856980
3651677
10857650
16261868
14013186
14698931
16434543
14619754
10334037
13730254
11737592
6347323
536739
10330264
14131496
5374593
14725968
10981704
9649781
12392654
11302136
3134831
4426243
14711783
1816898
5457680
5428874
16665129
3120255
9454170
13252847
7981530
9725710
253887
1500810
9161284
12121409
13541440
7115437
13840113
10615736
6424056
11352445
6283624
16421641
1253213
533852
14326041
1030788
457226
5051377
12103119
12145867
12879728
10668164
1638655
5285099
7985245
7578026
14487213
2974562
10692905
1439809
15636803
2896739
10048729
7021711
16510418
2514301
6852557
11762602
8278392
13582450
11288363
14801586
14302869
15769569
6043560
3690001
6963776
5688593
2445610
3141840
12169769
16598213
14095191
10066487
4151686
239825
6366762
6333982
15170321
5804162
2121591
12443149
14421819
9722825
3000195
14812616
7701213
3181914
9972158
16516390
396410
8254397
15857704
11553271
14233310
12161922
8193557
2453353
5079187
13666689
12539524
1973182
12401136
15099453
11448760
7237938
10379470
5076759
5474681
2454223
10896157
10578489
2415078
15393128
15860074
215677
6159055
12965693
883253
8013036
12575029
6799796
2512825
11175077
204489
6043471
3820802
15659056
2315279
5502065
9684675
15869858
7075406
811667
6496597
13039829
311909
5917550
12228963
10615413
284238
7244595
10224018
4012650
5368363
6357534
3292738
12991613
6458572
4582861
10922713
2881014
1606555
5500248
2489256
13059594
10959179
10153919
1680779
12098785
10655193
13849150
16589438
8734467
3709927
434988
653907
7083199
262145
355681
15190396
8190000
4799475
13742001
4370257
1020998
3856414
16661203
13421290
4302600
13014107
12787212
15893157
4162852
15755052
3016485
11411676
7178135
5730716
11826342
16601342
201199
8380064
10467592
7851355
11053935
2677411
14938699
4931669
4731633
7760260
12556958
1129828
3760154
5356366
14779385
16523402
13969412
9957567
2666779
14780198
1444628
4265205
1528351
359682
11491656
6737795
3893458
1836403
7920836
8926889
11366684
4166659
11572189
15649406
1999687
10658762
6481769
158868
3498095
5689832
12223335
9494990
576620
2207721
9718411
13087525
9671523
9471975
8987806
12979018
8201113
7616328
2897616
1329273
3489176
548746
16234646
15108135
15260765
11262082
1282505
4682662
593229
2131345
5405706
15228561
4350670
15565307
3142825
15501144
13393076
10661987
15733084
14779697
12412518
11262147
6071392
7471725
7844677
9437115
7481227
230461
8689176
3929114
16381211
9551608
13971283
9911485
7435231
3061014
2043813
2997122
2051747
8019292
9674709
3423007
12423030
3596029
13781992
12093131
2275989
7440102
9942445
8521110
14136710
15447290
11200789
3318022
12486898
12337302
4440918
4987178
8239744
15576681
11287464
12517579
10103555
3036288
8651087
3095718
188366
1759569
378373
8776124
9627659
6280566
13581595
7895754
3695479
760576
5119603
212148
754369
3927640
931901
1077107
11785813
14735617
12591756
9960842
13191704
13011928
2804743
12218710
4808485
14399993
3186365
4064985
1925953
10419435
10299021
3419018
11541540
15537001
14690287
12125619
3956339
12215241
6104238
11465606
8704121
10465014
15338748
2664629
2513770
4439736
14412922
16552382
12908074
317235
9952516
5205848
9381407
5926268
8944349
14896268
6564056
6033793
6096709
14399485
11782067
10577319
13031148
2412179
8890612
7573514
6393995
13601936
6556418
3982759
16714916
7535428
8221368
5684334
4571613
3227453
13920239
12657613
4780161
12381619
9310103
2965791
11996027
10693142
7711689
5887019
6290641
4274033
5235811
9252106
12197578
11392538
2197722
12807557
5462275
6094463
5655005
8663688
15825233
3239825
15202962
10097443
12012270
9032484
9844989
14325805
2245206
2342685
14753618
8091363
11727194
8781754
2998171
16136062
1406027
12378227
3132485
2696249
2307753
10399275
11718077
12245787
9622156
16556326
14988117
13529729
1206780
16549960
12924747
7828329
9577381
14996337
3700392
14711396
6347965
16150944
14877019
13823554
13995948
15331948
13007022
14784413
14434765
11969291
5455321
1180615
5888457
13317779
14326573
8609264
5462868
16697743
5034945
11993036
5927834
6925080
13071197
4289941
1819510
7066576
5217708
15955187
10887286
5174745
11713652
7835883
7097304
4706995
1393639
9165837
13960769
4871546
8717752
9083579
5345089
1686366
5251804
3172277
6988001
14473853
13614213
5200349
7462984
15856204
1534448
8178120
7935218
5050835
1689154
6100094
376666
15683730
8546994
11161016
5363155
12597447
16703945
5716708
2650619
10014220
15059834
3047498
14121653
5743544
8321850
7720684
8860826
8004762
12188748
2794193
11269554
15090306
9339057
14359325
12373983
15571482
2943016
9919841
16197531
15867665
4561381
5265805
727484
15902791
2844812
7244064
13238927
9589757
12445725
16394351
1448497
14971699
9796710
16285988
2626814
740006
14624652
11605908
3353362
2746489
3190574
12004870
9203239
7672238
6073975
2111398
4422061
2489056
14710881
13694363
9131202
1855056
3168822
15425901
10801329
5683097
13281059
3857912
3555289
1420394
2817412
8710381
13860913
256957
12593465
362553
9103750
5489339
710421
13409692
4495637
13351483
11315229
5647654
13183641
9183794
785142
6444695
12615906
5823462
9802347
10713907
8361428
4700352
13954224
7788280
1647157
6769865
15938390
9837307
8159447
16306588
2419625
9606219
1879484
15131504
4879731
16626858
5656646
4312665
9283265
10671678
1965855
1423440
16636298
13604472
16544868
3618256
6631333
14730367
14174373
2645246
12715432
15438256
559775
5629740
12130770
869626
6989820
15969375
15735860
14829920
11046981
10952996
2405581
5114448
4699636
10843763
11519560
7996198
1440228
11771568
2901124
16113613
7537302
13661186
13535221
15601733
15063688
4017222
12844623
15211950
1359469
6080434
12423369
7019118
7081318
15469031
10052767
1785346
5411157
16571347
5293629
787813
4230158
16224264
9723587
2934759
15716028
10921340
6242646
3779576
6210251
1892017
6102478
6894726
6477482
14237476
13034537
13206628
16043077
9215933
5538573
14487168
3637856
11822699
12191626
8400295
10093828
3249848
15487000
7166509
9632515
8303166
12815511
1641691
2055914
15243823
1633259
15225454
2115605
10768376
8051044
227087
4342859
13018100
15072270
4240218
3687209
6209468
5141368
4352452
10006964
13453105
7828548
12659108
6909358
11035044
8193645
11766149
9860358
4607173
11276984
5442290
5006620
14200574
14266449
3081140
5650428
11687879
3572269
3225852
8806772
14398519
10709278
7865871
14230452
3818921
16092972
8781496
6441317
838064
6047226
1885178
13206115
10583778
14418081
11064431
11171565
11379474
5125239
8353574
5098436
2137732
14661615
5457134
11880161
6133354
1152408
7040652
9044071
13613241
15712247
8432563
5438759
226717
3333075
7607383
8331120
1448323
4580865
16331101
1992455
9600624
15399622
4577485
6150644
1218233
12081937
10963236
1897588
7913167
10556141
14427568
4615810